 -1.00000  0.10255
 -0.29497  0.08985
  0.92611  0.44428
 -0.32929  0.11383
  0.59173  0.29206
 -0.30991  0.10984
 -0.82016  0.15034
  0.40196  0.21606
 -0.39965  0.02697
  0.81638  0.31552
 -0.91937  0.08965
  0.11764  0.16306
 -0.84872  0.15794
 -0.81636  0.12461
  0.70458  0.26708
  0.98915  0.47188
 -0.96067  0.10746
  0.98949  0.46961
 -0.56405  0.09495
  0.07804  0.11093
  0.67845  0.24637
  0.97877  0.44699
  0.53414  0.23166
  0.41901  0.22742
 -0.12260  0.05549
  0.46222  0.22864
  0.44415  0.17722
 -0.38350  0.04819
  0.50459  0.23159
  0.27345  0.16907
 -0.01043  0.09553
 -0.75497  0.10424
 -0.61169  0.12987
  0.17846  0.08490
 -0.37131  0.07721
  0.35257  0.12943
 -0.46869  0.06972
  0.67490  0.26523
  0.24703  0.10381
  0.04645  0.13837
 -0.33643  0.11137
  0.40563  0.21836
 -0.48186  0.09129
  0.30995  0.20925
  0.94252  0.41914
 -0.14040  0.06459
  0.20737  0.10658
  0.85291  0.37698
  0.07558  0.11897
 -0.26057  0.07330
 -0.61474  0.09365
  0.27813  0.15497
  0.49319  0.23871
  0.94974  0.46179
  0.56779  0.29742
  0.28809  0.14056
 -0.52461  0.05470
  0.87876  0.35827
  0.35269  0.18259
 -0.48693  0.04160
  0.68769  0.33442
 -0.08801  0.09913
  0.26006  0.12154
 -0.81889  0.13196
 -0.48666  0.05384
 -0.24219  0.04088
  0.73680  0.36534
 -0.62189  0.10128
 -0.59701  0.12775
  0.20327  0.16242
  0.84667  0.35568
  0.95582  0.45344
  0.13854  0.09282
  0.26534  0.18481
 -0.69053  0.10168
  0.31739  0.15545
  0.63501  0.28038
  0.96444  0.47360
  0.62426  0.22699
 -0.59752  0.09491
 -0.79001  0.07269
  0.03714  0.07676
 -0.46527  0.03045
 -0.95930  0.17069
  0.08281  0.15790
  0.43867  0.20833
  0.55022  0.19739
 -0.49707  0.08634
 -0.28498  0.04568
  0.82206  0.32882
  0.91048  0.43895
  0.38681  0.16180
 -0.24259  0.11598
 -0.22110  0.08092
  0.45206  0.24897
 -0.33903  0.03752
  0.66059  0.29818
  0.58899  0.21281
  0.47818  0.22764
  0.89240  0.36394
  0.78004  0.33656
 -0.32174  0.11052
  0.29023  0.16076
  0.23190  0.15152
 -0.36963  0.10894
 -0.58078  0.04354
 -0.48117  0.09283
 -0.51864  0.11089
  0.35057  0.14301
 -0.30372  0.08431
 -0.16630  0.11011
 -0.19719  0.08266
 -0.31509  0.09938
 -0.59432  0.10763
  0.07091  0.10707
 -0.60206  0.10744
 -0.41419  0.04242
  0.26813  0.13758
  0.52943  0.22816
 -0.85441  0.13621
  0.94148  0.44971
 -0.68156  0.06070
 -0.11520  0.12458
  0.58508  0.29959
 -0.91718  0.10379
 -0.07375  0.07012
 -0.17774  0.08660
  0.75999  0.36823
  0.40226  0.17241
  0.03084  0.11180
 -0.07208  0.10370
  0.17826  0.14749
 -0.29989  0.07869
  0.53485  0.25389
 -0.99242  0.14084
  0.93371  0.37116
  0.47091  0.19876
 -0.86672  0.15314
 -0.17153  0.03563
  0.80634  0.33130
 -0.76227  0.09194
  0.89661  0.38609
  0.19627  0.16103
  0.95581  0.39902
 -0.27191  0.05478
  0.92923  0.40945
 -0.17803  0.05068
  0.79042  0.29964
  0.68889  0.28058
 -0.30170  0.04994
  0.94815  0.46641
  0.74745  0.32126
 -0.20576  0.10155
  0.06027  0.11637
 -0.77574  0.06400
 -0.08684  0.10509
  0.25655  0.10944
  0.72789  0.33857
  0.58650  0.23196
  0.79055  0.30202
  0.54334  0.19486
 -0.08155  0.07608
  0.77805  0.31786
 -0.54606  0.03207
  0.73690  0.34632
  0.19360  0.17891
 -0.87112  0.14537
 -0.70073  0.09773
 -0.69989  0.04639
 -0.33213  0.03354
 -0.43453  0.06691
 -0.76829  0.09357
 -0.70552  0.05013
 -0.58238  0.11703
 -0.86574  0.11874
  0.94471  0.41034
 -0.59226  0.12319
  0.78322  0.34631
 -0.17560  0.10395
 -0.79325  0.15396
 -0.67330  0.08037
 -0.02151  0.08410
  0.64854  0.25667
  0.89625  0.39628
  0.46821  0.22798
 -0.93604  0.09889
  0.88162  0.35796
  0.71410  0.28171
  0.18523  0.16934
  0.11225  0.13885
 -0.48729  0.08882
  0.77235  0.37837
 -0.80003  0.14027
  0.71165  0.30748
  0.38506  0.19321
  0.59648  0.27781
 -0.03824  0.12538
  0.62561  0.24542
 -0.79729  0.12836
  0.11237  0.10428

